    unsorted:	 685.3891950 685.3891950 685.3891950 685.3891950 685.3891950 685.3891950 685.3891950 685.3891950 685.3891950 685.3891950 685.3891950 685.3891950 685.3891950 2144.926787 2117.682334 2178.683153 1995.625010 1887.920759 2909.516021 2799.933475 3253.100048 3518.533252 3615.516709 3884.452080 1388.370721 1275.623653 754.4738600 690.1280616 999.7654723 4075.469976 383.2304422 4301.468120 4687.447968 5539.184605 36.28601455 6004.343877 7186.002371 16312.11828 68993.45859 117233.7470 220170.9010
      sorted:	 36.28601455 383.2304422 685.3891950 685.3891950 685.3891950 685.3891950 685.3891950 685.3891950 685.3891950 685.3891950 685.3891950 685.3891950 685.3891950 685.3891950 685.3891950 690.1280616 754.4738600 999.7654723 1275.623653 1388.370721 1887.920759 1995.625010 2117.682334 2144.926787 2178.683153 2799.933475 2909.516021 3253.100048 3518.533252 3615.516709 3884.452080 4075.469976 4301.468120 4687.447968 5539.184605 6004.343877 7186.002371 16312.11828 68993.45859 117233.7470 220170.9010
