    unsorted:	 685.3891950 685.3891950 685.3891950 685.3891950 685.3891950 685.3891950 685.3891950 685.3891950 685.3891950 685.3891950 685.3891950 685.3891950 685.3891950 685.3891950 685.3891950 739.1729755 730.1046659 750.1027835 722.4766012 763.7008330 780.3278535 770.9143220 799.4770637 705.9541340 685.4549213 689.8715884 825.3111097 857.0766190 895.0946651 905.9117997 946.6293105 633.3307308 997.0807841 1056.034745 1122.246267 1194.453525 1282.985009 1385.902435 1399.649280 1492.849392 1541.165237 1610.169128 1720.231267 1761.994519 1860.886116 1928.806563 1963.978175 2050.082965 2153.008135 383.0367789 2322.339386 2438.754159 2468.789260 2542.770882 2610.203565 2617.505350 2720.266732 2723.822816 2701.978677 2772.435428 2757.527020 2787.073865 2806.248310 2909.863046 255.0952622 3026.364000 30.39091589 39.09199986 16.99773291 3189.163176 3300.672577 3463.324240 3571.210360 3616.115852 4214.691339 4707.455421 40483.77899 69923.59703
      sorted:	 16.99773291 30.39091589 39.09199986 255.0952622 383.0367789 633.3307308 685.3891950 685.3891950 685.3891950 685.3891950 685.3891950 685.3891950 685.3891950 685.3891950 685.3891950 685.3891950 685.3891950 685.3891950 685.3891950 685.3891950 685.3891950 685.4549213 689.8715884 705.9541340 722.4766012 730.1046659 739.1729755 750.1027835 763.7008330 770.9143220 780.3278535 799.4770637 825.3111097 857.0766190 895.0946651 905.9117997 946.6293105 997.0807841 1056.034745 1122.246267 1194.453525 1282.985009 1385.902435 1399.649280 1492.849392 1541.165237 1610.169128 1720.231267 1761.994519 1860.886116 1928.806563 1963.978175 2050.082965 2153.008135 2322.339386 2438.754159 2468.789260 2542.770882 2610.203565 2617.505350 2701.978677 2720.266732 2723.822816 2757.527020 2772.435428 2787.073865 2806.248310 2909.863046 3026.364000 3189.163176 3300.672577 3463.324240 3571.210360 3616.115852 4214.691339 4707.455421 40483.77899 69923.59703
