    unsorted:	 171.3472991 171.3472991 171.3472991 171.3472991 171.3472991 171.3472991 171.3472991 171.3472991 171.3472991 171.3472991 298.7156380 294.6494224 329.9878761 326.9433185 275.4162810 358.0417447 374.6717146 385.5364609 412.1932891 421.1455034 251.9931203 229.4648282 456.7491076 488.7760235 184.9606584 156.8570206 124.8703909 549.5202836 0.06419309326 0.05450274046 74.93763165 61.76745968 595.4091949 643.4488411 703.4729993 817.2077224 878.4358604 941.6301200 1024.420581 1213.230779 1340.292576 1492.510417 1582.217677 1765.427561 1915.071297 2319.958527 2528.360906 2972.114656 3230.815192 3543.407780 3780.804783 4615.422993 5003.680265 6139.587154 7089.188444 10557.85584 16017.89882 39454.36229 36347.34666 56854.47905 153435.5207 369106.5001 5742819.365
      sorted:	 0.05450274046 0.06419309326 61.76745968 74.93763165 124.8703909 156.8570206 171.3472991 171.3472991 171.3472991 171.3472991 171.3472991 171.3472991 171.3472991 171.3472991 171.3472991 171.3472991 184.9606584 229.4648282 251.9931203 275.4162810 294.6494224 298.7156380 326.9433185 329.9878761 358.0417447 374.6717146 385.5364609 412.1932891 421.1455034 456.7491076 488.7760235 549.5202836 595.4091949 643.4488411 703.4729993 817.2077224 878.4358604 941.6301200 1024.420581 1213.230779 1340.292576 1492.510417 1582.217677 1765.427561 1915.071297 2319.958527 2528.360906 2972.114656 3230.815192 3543.407780 3780.804783 4615.422993 5003.680265 6139.587154 7089.188444 10557.85584 16017.89882 36347.34666 39454.36229 56854.47905 153435.5207 369106.5001 5742819.365
