    unsorted:	 685.3891950 685.3891950 685.3891950 685.3891950 685.3891950 685.3891950 685.3891950 685.3891950 685.3891950 685.3891950 685.3891950 685.3891950 685.3891950 685.3891950 685.3891950 683.7236553 726.6991904 865.0716792 1021.815177 474.2314570 2600.106719 2669.063270 2277.409068 2110.710834 1807.502266 3045.964969 3173.315658 3381.984108 3630.464657 3878.015135 4015.321675 4150.704670 12.13615483 40.09027386 4852.732965 5863.287320 75844.94012 92449.26426
      sorted:	 12.13615483 40.09027386 474.2314570 683.7236553 685.3891950 685.3891950 685.3891950 685.3891950 685.3891950 685.3891950 685.3891950 685.3891950 685.3891950 685.3891950 685.3891950 685.3891950 685.3891950 685.3891950 685.3891950 726.6991904 865.0716792 1021.815177 1807.502266 2110.710834 2277.409068 2600.106719 2669.063270 3045.964969 3173.315658 3381.984108 3630.464657 3878.015135 4015.321675 4150.704670 4852.732965 5863.287320 75844.94012 92449.26426
