    unsorted:	 685.3891950 685.3891950 685.3891950 685.3891950 685.3891950 685.3891950 685.3891950 685.3891950 685.3891950 685.3891950 685.3891950 685.3891950 685.3891950 685.3891950 685.3891941 701.0996414 776.3970064 3876.314872 3875.858566 1520.625466 1667.645114 1876.895670 1107.755377 2744.251480 2848.796668 3373.815468 4003.732253 111.6519023 0.6063316505 1.261078035 4676.279396 4922.822531 5379.494097 8476.105976 10249.22287 57964.70796 94372.03837 217082.5173
      sorted:	 0.6063316505 1.261078035 111.6519023 685.3891941 685.3891950 685.3891950 685.3891950 685.3891950 685.3891950 685.3891950 685.3891950 685.3891950 685.3891950 685.3891950 685.3891950 685.3891950 685.3891950 685.3891950 701.0996414 776.3970064 1107.755377 1520.625466 1667.645114 1876.895670 2744.251480 2848.796668 3373.815468 3875.858566 3876.314872 4003.732253 4676.279396 4922.822531 5379.494097 8476.105976 10249.22287 57964.70796 94372.03837 217082.5173
