    unsorted:	 171.3472991 171.3472991 171.3472991 171.3472991 171.3472991 171.3472991 171.3472991 171.3472991 171.3472991 171.3472991 298.0316352 314.3478161 270.8520816 276.6167729 332.3397034 221.0550389 223.2267542 196.8452239 179.1312376 376.0920015 397.9344789 427.8925587 445.9841879 492.8518390 544.2495518 66.09159541 656.1842915 830.9079978 897.1174748 926.8559357 1261.130431 1527.337467 1608.591725 1827.828430 1945.156349 2039.489582 2261.914786 2800.848418 3070.260386 3354.775743 4496.472974 4860.156553 5687.297023 6381.037090 7486.369815 8376.297287 10251.62108 15886.07358 20531.27380 28938.39357 39485.11781 53164.34521 75104.12060 7579835.713
      sorted:	 66.09159541 171.3472991 171.3472991 171.3472991 171.3472991 171.3472991 171.3472991 171.3472991 171.3472991 171.3472991 171.3472991 179.1312376 196.8452239 221.0550389 223.2267542 270.8520816 276.6167729 298.0316352 314.3478161 332.3397034 376.0920015 397.9344789 427.8925587 445.9841879 492.8518390 544.2495518 656.1842915 830.9079978 897.1174748 926.8559357 1261.130431 1527.337467 1608.591725 1827.828430 1945.156349 2039.489582 2261.914786 2800.848418 3070.260386 3354.775743 4496.472974 4860.156553 5687.297023 6381.037090 7486.369815 8376.297287 10251.62108 15886.07358 20531.27380 28938.39357 39485.11781 53164.34521 75104.12060 7579835.713
