    unsorted:	 171.3472991 171.3472991 171.3472991 171.3472991 171.3472991 171.3472991 0.8421911602 0.5638982205 0.5558526607 168.9604477 296.1709135 314.2699750 255.7564839 377.6516140 902.2361000 2289.703426 2304.983623 2199.512984 2072.083210 2421.736572 1942.372168 2612.272100 1384.552524 1349.696448 2723.155931 2983.868688 5080.760302 5897.636437 14189.02702 20980.22064 21109.96482 21332.49381 23923.45309 25202.23986 47111.76730 60202.23355 86477.64657 107228.9714 117269.4580 158011.7124 162453.7008 145091.0864 167721.0949 178418.3286 186823.0892 196757.3894 207103.9821 14796789.70
      sorted:	 0.5558526607 0.5638982205 0.8421911602 168.9604477 171.3472991 171.3472991 171.3472991 171.3472991 171.3472991 171.3472991 255.7564839 296.1709135 314.2699750 377.6516140 902.2361000 1349.696448 1384.552524 1942.372168 2072.083210 2199.512984 2289.703426 2304.983623 2421.736572 2612.272100 2723.155931 2983.868688 5080.760302 5897.636437 14189.02702 20980.22064 21109.96482 21332.49381 23923.45309 25202.23986 47111.76730 60202.23355 86477.64657 107228.9714 117269.4580 145091.0864 158011.7124 162453.7008 167721.0949 178418.3286 186823.0892 196757.3894 207103.9821 14796789.70
