    unsorted:	 171.3472991 171.3472991 171.3472991 171.3472991 171.3472991 171.3472991 0.004934831816 0.9828353050 0.3479180379 0.8437211548 6.137646330 6.396965546 171.9678820 175.0550163 167.9811396 238.9052611 415.3018440 335.8800468 435.3086022 815.0431609 767.6654135 972.9803530 1004.734906 1051.866383 1172.290027 1184.074217 1306.227249 1384.302596 1410.900199 1480.596660 1531.553169 1518.465787 1550.863641 1562.004891 1669.580656 1646.427081 1685.251210 1736.720464 1764.275840 1768.897816 1801.602168 1805.556444 1835.495744 1922.059122 1935.497031 2103.777682 4106.282655 12010.37753 21701.34729 95035.67547 311064.1401
      sorted:	 0.004934831816 0.3479180379 0.8437211548 0.9828353050 6.137646330 6.396965546 167.9811396 171.3472991 171.3472991 171.3472991 171.3472991 171.3472991 171.3472991 171.9678820 175.0550163 238.9052611 335.8800468 415.3018440 435.3086022 767.6654135 815.0431609 972.9803530 1004.734906 1051.866383 1172.290027 1184.074217 1306.227249 1384.302596 1410.900199 1480.596660 1518.465787 1531.553169 1550.863641 1562.004891 1646.427081 1669.580656 1685.251210 1736.720464 1764.275840 1768.897816 1801.602168 1805.556444 1835.495744 1922.059122 1935.497031 2103.777682 4106.282655 12010.37753 21701.34729 95035.67547 311064.1401
