    unsorted:	 171.3472991 171.3472991 171.3472991 171.3472991 171.3472991 171.3472991 171.3472991 171.3472991 171.3472991 171.3472991 330.8750823 310.3476359 297.2487027 272.4202534 237.9536278 222.4203144 376.2814024 197.0626376 178.0975160 410.7146338 443.7994199 473.8216263 103.2527552 562.8253246 573.3434619 82.06000110 674.1059872 887.0127420 922.1289262 1126.662534 1279.455186 1534.148067 1618.067554 1750.859115 1946.292353 2054.536714 2274.720059 2579.609723 3070.264816 3186.784796 4363.783724 4715.725715 5085.535660 5849.427743 6366.414166 6675.784267 8899.370766 11186.66184 15846.42857 25375.41851 34816.17812 39475.82088 70881.28070 105844.8110 7506165.312
      sorted:	 82.06000110 103.2527552 171.3472991 171.3472991 171.3472991 171.3472991 171.3472991 171.3472991 171.3472991 171.3472991 171.3472991 171.3472991 178.0975160 197.0626376 222.4203144 237.9536278 272.4202534 297.2487027 310.3476359 330.8750823 376.2814024 410.7146338 443.7994199 473.8216263 562.8253246 573.3434619 674.1059872 887.0127420 922.1289262 1126.662534 1279.455186 1534.148067 1618.067554 1750.859115 1946.292353 2054.536714 2274.720059 2579.609723 3070.264816 3186.784796 4363.783724 4715.725715 5085.535660 5849.427743 6366.414166 6675.784267 8899.370766 11186.66184 15846.42857 25375.41851 34816.17812 39475.82088 70881.28070 105844.8110 7506165.312
