    unsorted:	 171.3472991 171.3472991 171.3472991 171.3472991 171.3472991 171.3472991 171.3472991 171.3472991 171.3472991 171.3472991 298.0316437 314.3478341 270.8521468 276.6168210 332.3396959 221.0551141 223.2267785 196.8452978 179.1312699 376.0920092 397.9344962 427.8925920 445.9842168 492.8518942 544.2496172 66.09159493 656.1843370 830.9080028 897.1173916 926.8559406 1261.130392 1527.337516 1608.591793 1827.828465 1945.156537 2039.489478 2261.914875 2800.848489 3070.260440 3354.775792 4496.472943 4860.156752 5687.296989 6381.037756 7486.369751 8376.297087 10251.62126 15886.07344 20531.27388 28938.39356 39485.11782 53164.34529 75104.12079 7579835.448
      sorted:	 66.09159493 171.3472991 171.3472991 171.3472991 171.3472991 171.3472991 171.3472991 171.3472991 171.3472991 171.3472991 171.3472991 179.1312699 196.8452978 221.0551141 223.2267785 270.8521468 276.6168210 298.0316437 314.3478341 332.3396959 376.0920092 397.9344962 427.8925920 445.9842168 492.8518942 544.2496172 656.1843370 830.9080028 897.1173916 926.8559406 1261.130392 1527.337516 1608.591793 1827.828465 1945.156537 2039.489478 2261.914875 2800.848489 3070.260440 3354.775792 4496.472943 4860.156752 5687.296989 6381.037756 7486.369751 8376.297087 10251.62126 15886.07344 20531.27388 28938.39356 39485.11782 53164.34529 75104.12079 7579835.448
