    unsorted:	 0.004935013695 0.004935013695 109.6622716 109.6622716 9.112720463e-07 11.21205953 12.48600789 4.649495523 16.99559891 19.46489728 41.82647514 44.18867830 107.3457870 125.7880905 139.0683975 142.9795899 167.9523344 191.6678854 220.9674897 255.1024778 261.8802861 340.8080883 389.1518741 433.4175585 491.9008804 647.9581983 733.6532431 996.7378816 1104.305884 1775.915089 2012.654905 2292.041757 2619.044947 2704.408215 4121.047432 4823.685317 5196.549726 6210.880115 8107.374851 11958.04978 13066.24633 54549.25026 75642.88683 104260.4597 649032.9937
      sorted:	 9.112720463e-07 0.004935013695 0.004935013695 4.649495523 11.21205953 12.48600789 16.99559891 19.46489728 41.82647514 44.18867830 107.3457870 109.6622716 109.6622716 125.7880905 139.0683975 142.9795899 167.9523344 191.6678854 220.9674897 255.1024778 261.8802861 340.8080883 389.1518741 433.4175585 491.9008804 647.9581983 733.6532431 996.7378816 1104.305884 1775.915089 2012.654905 2292.041757 2619.044947 2704.408215 4121.047432 4823.685317 5196.549726 6210.880115 8107.374851 11958.04978 13066.24633 54549.25026 75642.88683 104260.4597 649032.9937
